8890
adding  8890
8890 0


13468
adding  13468
22358 0


5519
adding  5519
27877 0


4939
adding  4939
32816 0



checking max?  32816 0
new max (old) :  32816  ( 0 )
now new max is  32816
0 32816


4580
adding  4580
4580 32816


3529
adding  3529
8109 32816


2917
adding  2917
11026 32816


1329
adding  1329
12355 32816


4004
adding  4004
16359 32816


3553
adding  3553
19912 32816


5457
adding  5457
25369 32816


1907
adding  1907
27276 32816


2515
adding  2515
29791 32816


4055
adding  4055
33846 32816


4626
adding  4626
38472 32816


3776
adding  3776
42248 32816


1982
adding  1982
44230 32816


2967
adding  2967
47197 32816



checking max?  47197 32816
new max (old) :  47197  ( 32816 )
now new max is  47197
0 47197


10118
adding  10118
10118 47197


2688
adding  2688
12806 47197


4629
adding  4629
17435 47197


3054
adding  3054
20489 47197


3911
adding  3911
24400 47197


6680
adding  6680
31080 47197


6988
adding  6988
38068 47197


6471
adding  6471
44539 47197



checking max?  44539 47197
now new max is  47197
0 47197


2836
adding  2836
2836 47197


7494
adding  7494
10330 47197


7963
adding  7963
18293 47197


8528
adding  8528
26821 47197


8732
adding  8732
35553 47197


1743
adding  1743
37296 47197


4794
adding  4794
42090 47197


1685
adding  1685
43775 47197


1406
adding  1406
45181 47197


2575
adding  2575
47756 47197



checking max?  47756 47197
new max (old) :  47756  ( 47197 )
now new max is  47756
0 47756


7606
adding  7606
7606 47756


11935
adding  11935
19541 47756


4792
adding  4792
24333 47756


7040
adding  7040
31373 47756


8684
adding  8684
40057 47756


1131
adding  1131
41188 47756


3000
adding  3000
44188 47756



checking max?  44188 47756
now new max is  47756
0 47756


5799
adding  5799
5799 47756


4398
adding  4398
10197 47756


3837
adding  3837
14034 47756


2155
adding  2155
16189 47756


1889
adding  1889
18078 47756


5560
adding  5560
23638 47756


6684
adding  6684
30322 47756


2045
adding  2045
32367 47756


1194
adding  1194
33561 47756


1280
adding  1280
34841 47756


4009
adding  4009
38850 47756


6944
adding  6944
45794 47756


4754
adding  4754
50548 47756



checking max?  50548 47756
new max (old) :  50548  ( 47756 )
now new max is  50548
0 50548


3932
adding  3932
3932 50548


10114
adding  10114
14046 50548


9039
adding  9039
23085 50548


10597
adding  10597
33682 50548


6889
adding  6889
40571 50548


5807
adding  5807
46378 50548


8786
adding  8786
55164 50548


5376
adding  5376
60540 50548



checking max?  60540 50548
new max (old) :  60540  ( 50548 )
now new max is  60540
0 60540


5666
adding  5666
5666 60540


8741
adding  8741
14407 60540


2305
adding  2305
16712 60540


3914
adding  3914
20626 60540


4521
adding  4521
25147 60540


6449
adding  6449
31596 60540


6590
adding  6590
38186 60540


5933
adding  5933
44119 60540


2765
adding  2765
46884 60540



checking max?  46884 60540
now new max is  60540
0 60540


1417
adding  1417
1417 60540


3584
adding  3584
5001 60540


3304
adding  3304
8305 60540


5605
adding  5605
13910 60540


6249
adding  6249
20159 60540


3195
adding  3195
23354 60540


5905
adding  5905
29259 60540


5308
adding  5308
34567 60540


3920
adding  3920
38487 60540


2912
adding  2912
41399 60540


4028
adding  4028
45427 60540


2897
adding  2897
48324 60540


4737
adding  4737
53061 60540


6224
adding  6224
59285 60540



checking max?  59285 60540
now new max is  60540
0 60540


4498
adding  4498
4498 60540


6139
adding  6139
10637 60540


6716
adding  6716
17353 60540


9309
adding  9309
26662 60540


6210
adding  6210
32872 60540


4120
adding  4120
36992 60540


6244
adding  6244
43236 60540


9313
adding  9313
52549 60540


3275
adding  3275
55824 60540



checking max?  55824 60540
now new max is  60540
0 60540


5602
adding  5602
5602 60540


4336
adding  4336
9938 60540


5174
adding  5174
15112 60540


4592
adding  4592
19704 60540


3676
adding  3676
23380 60540


6700
adding  6700
30080 60540


1903
adding  1903
31983 60540


4623
adding  4623
36606 60540


5393
adding  5393
41999 60540


3743
adding  3743
45742 60540


2397
adding  2397
48139 60540


5207
adding  5207
53346 60540


3445
adding  3445
56791 60540



checking max?  56791 60540
now new max is  60540
0 60540


2219
adding  2219
2219 60540


3393
adding  3393
5612 60540


4442
adding  4442
10054 60540


5142
adding  5142
15196 60540


4466
adding  4466
19662 60540


6851
adding  6851
26513 60540


1877
adding  1877
28390 60540


4005
adding  4005
32395 60540


4792
adding  4792
37187 60540


1370
adding  1370
38557 60540



checking max?  38557 60540
now new max is  60540
0 60540


11433
adding  11433
11433 60540


10337
adding  10337
21770 60540


11711
adding  11711
33481 60540


4342
adding  4342
37823 60540


6693
adding  6693
44516 60540


2626
adding  2626
47142 60540


6245
adding  6245
53387 60540



checking max?  53387 60540
now new max is  60540
0 60540


10039
adding  10039
10039 60540


11192
adding  11192
21231 60540


7335
adding  7335
28566 60540


13284
adding  13284
41850 60540


13507
adding  13507
55357 60540



checking max?  55357 60540
now new max is  60540
0 60540


1989
adding  1989
1989 60540


5218
adding  5218
7207 60540


4411
adding  4411
11618 60540


4440
adding  4440
16058 60540


3563
adding  3563
19621 60540


1714
adding  1714
21335 60540


3617
adding  3617
24952 60540


3068
adding  3068
28020 60540


1167
adding  1167
29187 60540


1222
adding  1222
30409 60540


3567
adding  3567
33976 60540


3888
adding  3888
37864 60540


2634
adding  2634
40498 60540


2289
adding  2289
42787 60540


3410
adding  3410
46197 60540



checking max?  46197 60540
now new max is  60540
0 60540


6518
adding  6518
6518 60540


5391
adding  5391
11909 60540


12964
adding  12964
24873 60540


13103
adding  13103
37976 60540


9070
adding  9070
47046 60540


9803
adding  9803
56849 60540



checking max?  56849 60540
now new max is  60540
0 60540


22560
adding  22560
22560 60540



checking max?  22560 60540
now new max is  60540
0 60540


4229
adding  4229
4229 60540


2789
adding  2789
7018 60540


2219
adding  2219
9237 60540


1940
adding  1940
11177 60540


2848
adding  2848
14025 60540


4053
adding  4053
18078 60540


5849
adding  5849
23927 60540


5518
adding  5518
29445 60540


1088
adding  1088
30533 60540


6297
adding  6297
36830 60540


6603
adding  6603
43433 60540



checking max?  43433 60540
now new max is  60540
0 60540


2889
adding  2889
2889 60540


3452
adding  3452
6341 60540


4254
adding  4254
10595 60540


3624
adding  3624
14219 60540


4293
adding  4293
18512 60540


1511
adding  1511
20023 60540


5150
adding  5150
25173 60540


2890
adding  2890
28063 60540


5834
adding  5834
33897 60540


6345
adding  6345
40242 60540


6399
adding  6399
46641 60540


1164
adding  1164
47805 60540


3561
adding  3561
51366 60540



checking max?  51366 60540
now new max is  60540
0 60540


46632
adding  46632
46632 60540



checking max?  46632 60540
now new max is  60540
0 60540


19171
adding  19171
19171 60540



checking max?  19171 60540
now new max is  60540
0 60540


2510
adding  2510
2510 60540


21303
adding  21303
23813 60540


15390
adding  15390
39203 60540



checking max?  39203 60540
now new max is  60540
0 60540


54375
adding  54375
54375 60540



checking max?  54375 60540
now new max is  60540
0 60540


22699
adding  22699
22699 60540


36690
adding  36690
59389 60540



checking max?  59389 60540
now new max is  60540
0 60540


2240
adding  2240
2240 60540


3329
adding  3329
5569 60540


3299
adding  3299
8868 60540


5978
adding  5978
14846 60540


4641
adding  4641
19487 60540


3499
adding  3499
22986 60540


3515
adding  3515
26501 60540


4915
adding  4915
31416 60540


4613
adding  4613
36029 60540


2785
adding  2785
38814 60540


4757
adding  4757
43571 60540


5394
adding  5394
48965 60540


2339
adding  2339
51304 60540


2574
adding  2574
53878 60540


5073
adding  5073
58951 60540



checking max?  58951 60540
now new max is  60540
0 60540


1321
adding  1321
1321 60540


3132
adding  3132
4453 60540


5429
adding  5429
9882 60540


5664
adding  5664
15546 60540


4451
adding  4451
19997 60540


1397
adding  1397
21394 60540


3284
adding  3284
24678 60540


6077
adding  6077
30755 60540


4117
adding  4117
34872 60540


4818
adding  4818
39690 60540


4430
adding  4430
44120 60540


3163
adding  3163
47283 60540


2432
adding  2432
49715 60540


3894
adding  3894
53609 60540



checking max?  53609 60540
now new max is  60540
0 60540


6726
adding  6726
6726 60540


2851
adding  2851
9577 60540


9582
adding  9582
19159 60540



checking max?  19159 60540
now new max is  60540
0 60540


32549
adding  32549
32549 60540



checking max?  32549 60540
now new max is  60540
0 60540


17153
adding  17153
17153 60540


18102
adding  18102
35255 60540


11467
adding  11467
46722 60540


20051
adding  20051
66773 60540



checking max?  66773 60540
new max (old) :  66773  ( 60540 )
now new max is  66773
0 66773


7167
adding  7167
7167 66773


4819
adding  4819
11986 66773


4283
adding  4283
16269 66773


1900
adding  1900
18169 66773


1524
adding  1524
19693 66773


3228
adding  3228
22921 66773


1712
adding  1712
24633 66773


7107
adding  7107
31740 66773


7453
adding  7453
39193 66773


1137
adding  1137
40330 66773


1927
adding  1927
42257 66773


3876
adding  3876
46133 66773



checking max?  46133 66773
now new max is  66773
0 66773


14437
adding  14437
14437 66773


7952
adding  7952
22389 66773



checking max?  22389 66773
now new max is  66773
0 66773


5253
adding  5253
5253 66773


7062
adding  7062
12315 66773


1107
adding  1107
13422 66773


5023
adding  5023
18445 66773


2353
adding  2353
20798 66773


7335
adding  7335
28133 66773


2819
adding  2819
30952 66773


4925
adding  4925
35877 66773


2439
adding  2439
38316 66773


5186
adding  5186
43502 66773


3602
adding  3602
47104 66773


2016
adding  2016
49120 66773



checking max?  49120 66773
now new max is  66773
0 66773


4129
adding  4129
4129 66773


26383
adding  26383
30512 66773



checking max?  30512 66773
now new max is  66773
0 66773


3665
adding  3665
3665 66773


5169
adding  5169
8834 66773


6365
adding  6365
15199 66773


4399
adding  4399
19598 66773


3518
adding  3518
23116 66773


2176
adding  2176
25292 66773


6185
adding  6185
31477 66773


1150
adding  1150
32627 66773


1490
adding  1490
34117 66773


3818
adding  3818
37935 66773


6223
adding  6223
44158 66773


2104
adding  2104
46262 66773


4006
adding  4006
50268 66773


1142
adding  1142
51410 66773



checking max?  51410 66773
now new max is  66773
0 66773


1138
adding  1138
1138 66773


11986
adding  11986
13124 66773


5920
adding  5920
19044 66773


6371
adding  6371
25415 66773


7888
adding  7888
33303 66773


8197
adding  8197
41500 66773


10859
adding  10859
52359 66773



checking max?  52359 66773
now new max is  66773
0 66773


4338
adding  4338
4338 66773


4292
adding  4292
8630 66773


1523
adding  1523
10153 66773


1044
adding  1044
11197 66773


2498
adding  2498
13695 66773


2514
adding  2514
16209 66773


3160
adding  3160
19369 66773


5049
adding  5049
24418 66773


2113
adding  2113
26531 66773


5867
adding  5867
32398 66773


1916
adding  1916
34314 66773


5458
adding  5458
39772 66773


4686
adding  4686
44458 66773


2012
adding  2012
46470 66773


5455
adding  5455
51925 66773



checking max?  51925 66773
now new max is  66773
0 66773


15587
adding  15587
15587 66773



checking max?  15587 66773
now new max is  66773
0 66773


4040
adding  4040
4040 66773


4077
adding  4077
8117 66773


5272
adding  5272
13389 66773


4914
adding  4914
18303 66773


6755
adding  6755
25058 66773


6297
adding  6297
31355 66773


2240
adding  2240
33595 66773


1925
adding  1925
35520 66773


2940
adding  2940
38460 66773


2346
adding  2346
40806 66773


5688
adding  5688
46494 66773


5501
adding  5501
51995 66773



checking max?  51995 66773
now new max is  66773
0 66773


1476
adding  1476
1476 66773


4270
adding  4270
5746 66773


1252
adding  1252
6998 66773


4783
adding  4783
11781 66773


3661
adding  3661
15442 66773


5353
adding  5353
20795 66773


4596
adding  4596
25391 66773


5400
adding  5400
30791 66773


5916
adding  5916
36707 66773


1685
adding  1685
38392 66773


3307
adding  3307
41699 66773


3915
adding  3915
45614 66773


5624
adding  5624
51238 66773


1371
adding  1371
52609 66773


2001
adding  2001
54610 66773



checking max?  54610 66773
now new max is  66773
0 66773


42703
adding  42703
42703 66773



checking max?  42703 66773
now new max is  66773
0 66773


1250
adding  1250
1250 66773


2902
adding  2902
4152 66773


6414
adding  6414
10566 66773


6487
adding  6487
17053 66773


6368
adding  6368
23421 66773


1200
adding  1200
24621 66773


2759
adding  2759
27380 66773


3307
adding  3307
30687 66773


5551
adding  5551
36238 66773


1216
adding  1216
37454 66773


4097
adding  4097
41551 66773


3174
adding  3174
44725 66773


3758
adding  3758
48483 66773


2470
adding  2470
50953 66773



checking max?  50953 66773
now new max is  66773
0 66773


4997
adding  4997
4997 66773


1199
adding  1199
6196 66773


4598
adding  4598
10794 66773


2443
adding  2443
13237 66773


2931
adding  2931
16168 66773


4287
adding  4287
20455 66773


1606
adding  1606
22061 66773


5156
adding  5156
27217 66773


4750
adding  4750
31967 66773


4117
adding  4117
36084 66773


2487
adding  2487
38571 66773


3399
adding  3399
41970 66773


4283
adding  4283
46253 66773


4991
adding  4991
51244 66773


4441
adding  4441
55685 66773



checking max?  55685 66773
now new max is  66773
0 66773


1789
adding  1789
1789 66773



checking max?  1789 66773
now new max is  66773
0 66773


4379
adding  4379
4379 66773


10889
adding  10889
15268 66773


6020
adding  6020
21288 66773


1102
adding  1102
22390 66773


5043
adding  5043
27433 66773


10061
adding  10061
37494 66773


11276
adding  11276
48770 66773



checking max?  48770 66773
now new max is  66773
0 66773


7586
adding  7586
7586 66773


13962
adding  13962
21548 66773



checking max?  21548 66773
now new max is  66773
0 66773


10039
adding  10039
10039 66773


2029
adding  2029
12068 66773



checking max?  12068 66773
now new max is  66773
0 66773


2150
adding  2150
2150 66773


2431
adding  2431
4581 66773


3646
adding  3646
8227 66773


4601
adding  4601
12828 66773


5105
adding  5105
17933 66773


4254
adding  4254
22187 66773


5469
adding  5469
27656 66773


5844
adding  5844
33500 66773


6856
adding  6856
40356 66773


4529
adding  4529
44885 66773


3557
adding  3557
48442 66773


3043
adding  3043
51485 66773


4944
adding  4944
56429 66773



checking max?  56429 66773
now new max is  66773
0 66773


6797
adding  6797
6797 66773


1605
adding  1605
8402 66773


6624
adding  6624
15026 66773


4966
adding  4966
19992 66773


1452
adding  1452
21444 66773


2260
adding  2260
23704 66773


6281
adding  6281
29985 66773


3273
adding  3273
33258 66773


5754
adding  5754
39012 66773


6576
adding  6576
45588 66773


6326
adding  6326
51914 66773


6391
adding  6391
58305 66773


4892
adding  4892
63197 66773



checking max?  63197 66773
now new max is  66773
0 66773


9772
adding  9772
9772 66773


16686
adding  16686
26458 66773


1032
adding  1032
27490 66773


14594
adding  14594
42084 66773



checking max?  42084 66773
now new max is  66773
0 66773


2978
adding  2978
2978 66773


4118
adding  4118
7096 66773


2292
adding  2292
9388 66773


6107
adding  6107
15495 66773


7428
adding  7428
22923 66773


2954
adding  2954
25877 66773


3516
adding  3516
29393 66773


2464
adding  2464
31857 66773


4726
adding  4726
36583 66773


5438
adding  5438
42021 66773


3292
adding  3292
45313 66773


2812
adding  2812
48125 66773



checking max?  48125 66773
now new max is  66773
0 66773


6953
adding  6953
6953 66773


7372
adding  7372
14325 66773


5775
adding  5775
20100 66773


7550
adding  7550
27650 66773


8449
adding  8449
36099 66773


7315
adding  7315
43414 66773


2872
adding  2872
46286 66773


2442
adding  2442
48728 66773



checking max?  48728 66773
now new max is  66773
0 66773


2581
adding  2581
2581 66773


7301
adding  7301
9882 66773


1256
adding  1256
11138 66773


3467
adding  3467
14605 66773


2348
adding  2348
16953 66773


6254
adding  6254
23207 66773


5231
adding  5231
28438 66773


3225
adding  3225
31663 66773


8275
adding  8275
39938 66773



checking max?  39938 66773
now new max is  66773
0 66773


3065
adding  3065
3065 66773


4110
adding  4110
7175 66773


5259
adding  5259
12434 66773


8646
adding  8646
21080 66773


4515
adding  4515
25595 66773


7431
adding  7431
33026 66773


7086
adding  7086
40112 66773


3650
adding  3650
43762 66773


2445
adding  2445
46207 66773



checking max?  46207 66773
now new max is  66773
0 66773


5714
adding  5714
5714 66773


4659
adding  4659
10373 66773


6401
adding  6401
16774 66773


1647
adding  1647
18421 66773


7071
adding  7071
25492 66773


1302
adding  1302
26794 66773


8529
adding  8529
35323 66773


1570
adding  1570
36893 66773


7288
adding  7288
44181 66773



checking max?  44181 66773
now new max is  66773
0 66773


49901
adding  49901
49901 66773



checking max?  49901 66773
now new max is  66773
0 66773


6687
adding  6687
6687 66773


1879
adding  1879
8566 66773


4661
adding  4661
13227 66773


6048
adding  6048
19275 66773


6920
adding  6920
26195 66773


5048
adding  5048
31243 66773


1537
adding  1537
32780 66773


3786
adding  3786
36566 66773


1634
adding  1634
38200 66773


3274
adding  3274
41474 66773


4277
adding  4277
45751 66773


2712
adding  2712
48463 66773


2647
adding  2647
51110 66773



checking max?  51110 66773
now new max is  66773
0 66773


5597
adding  5597
5597 66773


4194
adding  4194
9791 66773


4058
adding  4058
13849 66773


5329
adding  5329
19178 66773


2484
adding  2484
21662 66773


3420
adding  3420
25082 66773


2607
adding  2607
27689 66773


2953
adding  2953
30642 66773


2580
adding  2580
33222 66773


1093
adding  1093
34315 66773


2609
adding  2609
36924 66773


2299
adding  2299
39223 66773


4805
adding  4805
44028 66773


3426
adding  3426
47454 66773


4101
adding  4101
51555 66773



checking max?  51555 66773
now new max is  66773
0 66773


2833
adding  2833
2833 66773


6833
adding  6833
9666 66773


1455
adding  1455
11121 66773


9758
adding  9758
20879 66773


2307
adding  2307
23186 66773


3045
adding  3045
26231 66773


10558
adding  10558
36789 66773



checking max?  36789 66773
now new max is  66773
0 66773


3380
adding  3380
3380 66773


4149
adding  4149
7529 66773


8715
adding  8715
16244 66773


5262
adding  5262
21506 66773


7564
adding  7564
29070 66773


9620
adding  9620
38690 66773


3331
adding  3331
42021 66773


6581
adding  6581
48602 66773


7674
adding  7674
56276 66773



checking max?  56276 66773
now new max is  66773
0 66773


3389
adding  3389
3389 66773


2996
adding  2996
6385 66773


1250
adding  1250
7635 66773


9915
adding  9915
17550 66773


1731
adding  1731
19281 66773


7254
adding  7254
26535 66773


3784
adding  3784
30319 66773


10198
adding  10198
40517 66773



checking max?  40517 66773
now new max is  66773
0 66773


4210
adding  4210
4210 66773


6612
adding  6612
10822 66773


6253
adding  6253
17075 66773


6874
adding  6874
23949 66773


5858
adding  5858
29807 66773


4349
adding  4349
34156 66773


4845
adding  4845
39001 66773


1119
adding  1119
40120 66773


4695
adding  4695
44815 66773


4496
adding  4496
49311 66773


6276
adding  6276
55587 66773


4234
adding  4234
59821 66773


6679
adding  6679
66500 66773



checking max?  66500 66773
now new max is  66773
0 66773


16077
adding  16077
16077 66773


6437
adding  6437
22514 66773


18269
adding  18269
40783 66773


14173
adding  14173
54956 66773



checking max?  54956 66773
now new max is  66773
0 66773


19739
adding  19739
19739 66773


5489
adding  5489
25228 66773


3345
adding  3345
28573 66773


5798
adding  5798
34371 66773



checking max?  34371 66773
now new max is  66773
0 66773


4150
adding  4150
4150 66773


5984
adding  5984
10134 66773


5293
adding  5293
15427 66773


5741
adding  5741
21168 66773


3166
adding  3166
24334 66773


5279
adding  5279
29613 66773


5244
adding  5244
34857 66773


5215
adding  5215
40072 66773


5010
adding  5010
45082 66773


3367
adding  3367
48449 66773


1828
adding  1828
50277 66773


4310
adding  4310
54587 66773


4335
adding  4335
58922 66773


3973
adding  3973
62895 66773



checking max?  62895 66773
now new max is  66773
0 66773


2144
adding  2144
2144 66773


12157
adding  12157
14301 66773


9069
adding  9069
23370 66773


1615
adding  1615
24985 66773


1826
adding  1826
26811 66773


7195
adding  7195
34006 66773



checking max?  34006 66773
now new max is  66773
0 66773


12924
adding  12924
12924 66773


6962
adding  6962
19886 66773


11433
adding  11433
31319 66773


3150
adding  3150
34469 66773


7863
adding  7863
42332 66773


7387
adding  7387
49719 66773



checking max?  49719 66773
now new max is  66773
0 66773


3113
adding  3113
3113 66773


3604
adding  3604
6717 66773


7814
adding  7814
14531 66773


10587
adding  10587
25118 66773


3098
adding  3098
28216 66773


10913
adding  10913
39129 66773



checking max?  39129 66773
now new max is  66773
0 66773


4513
adding  4513
4513 66773


9048
adding  9048
13561 66773


10027
adding  10027
23588 66773


3587
adding  3587
27175 66773


7837
adding  7837
35012 66773


3906
adding  3906
38918 66773


2299
adding  2299
41217 66773



checking max?  41217 66773
now new max is  66773
0 66773


4370
adding  4370
4370 66773


6152
adding  6152
10522 66773


5473
adding  5473
15995 66773


5866
adding  5866
21861 66773


5358
adding  5358
27219 66773


4265
adding  4265
31484 66773


4487
adding  4487
35971 66773


6664
adding  6664
42635 66773


2347
adding  2347
44982 66773


6075
adding  6075
51057 66773


1481
adding  1481
52538 66773


4074
adding  4074
56612 66773


1962
adding  1962
58574 66773



checking max?  58574 66773
now new max is  66773
0 66773


7409
adding  7409
7409 66773


7332
adding  7332
14741 66773


11378
adding  11378
26119 66773


7740
adding  7740
33859 66773


8090
adding  8090
41949 66773


3036
adding  3036
44985 66773


1310
adding  1310
46295 66773



checking max?  46295 66773
now new max is  66773
0 66773


8351
adding  8351
8351 66773


6202
adding  6202
14553 66773


1420
adding  1420
15973 66773


9306
adding  9306
25279 66773


7410
adding  7410
32689 66773


11169
adding  11169
43858 66773


9201
adding  9201
53059 66773



checking max?  53059 66773
now new max is  66773
0 66773


6951
adding  6951
6951 66773


2037
adding  2037
8988 66773


8682
adding  8682
17670 66773


5075
adding  5075
22745 66773


9709
adding  9709
32454 66773


4678
adding  4678
37132 66773


8347
adding  8347
45479 66773



checking max?  45479 66773
now new max is  66773
0 66773


10537
adding  10537
10537 66773


13081
adding  13081
23618 66773


5447
adding  5447
29065 66773


8707
adding  8707
37772 66773


11933
adding  11933
49705 66773



checking max?  49705 66773
now new max is  66773
0 66773


10454
adding  10454
10454 66773


2543
adding  2543
12997 66773


10319
adding  10319
23316 66773


8133
adding  8133
31449 66773


2072
adding  2072
33521 66773


9299
adding  9299
42820 66773


1929
adding  1929
44749 66773



checking max?  44749 66773
now new max is  66773
0 66773


7770
adding  7770
7770 66773


4904
adding  4904
12674 66773


8452
adding  8452
21126 66773


8625
adding  8625
29751 66773


7675
adding  7675
37426 66773


4126
adding  4126
41552 66773


1015
adding  1015
42567 66773


4921
adding  4921
47488 66773


8517
adding  8517
56005 66773


2709
adding  2709
58714 66773



checking max?  58714 66773
now new max is  66773
0 66773


10877
adding  10877
10877 66773


7192
adding  7192
18069 66773


9475
adding  9475
27544 66773


4555
adding  4555
32099 66773


5625
adding  5625
37724 66773


5261
adding  5261
42985 66773


5756
adding  5756
48741 66773



checking max?  48741 66773
now new max is  66773
0 66773


6150
adding  6150
6150 66773


9451
adding  9451
15601 66773


11426
adding  11426
27027 66773


11464
adding  11464
38491 66773


6334
adding  6334
44825 66773


10003
adding  10003
54828 66773


8686
adding  8686
63514 66773



checking max?  63514 66773
now new max is  66773
0 66773


1959
adding  1959
1959 66773


1711
adding  1711
3670 66773


5018
adding  5018
8688 66773


4235
adding  4235
12923 66773


4920
adding  4920
17843 66773


4257
adding  4257
22100 66773


2511
adding  2511
24611 66773


2572
adding  2572
27183 66773


1347
adding  1347
28530 66773


1871
adding  1871
30401 66773


2102
adding  2102
32503 66773


4203
adding  4203
36706 66773


6334
adding  6334
43040 66773



checking max?  43040 66773
now new max is  66773
0 66773


12058
adding  12058
12058 66773


8690
adding  8690
20748 66773


1875
adding  1875
22623 66773


7697
adding  7697
30320 66773


12351
adding  12351
42671 66773


7669
adding  7669
50340 66773



checking max?  50340 66773
now new max is  66773
0 66773


32887
adding  32887
32887 66773



checking max?  32887 66773
now new max is  66773
0 66773


31015
adding  31015
31015 66773



checking max?  31015 66773
now new max is  66773
0 66773


6024
adding  6024
6024 66773


2966
adding  2966
8990 66773


3311
adding  3311
12301 66773


7248
adding  7248
19549 66773


6280
adding  6280
25829 66773


4727
adding  4727
30556 66773


6071
adding  6071
36627 66773


6771
adding  6771
43398 66773


1599
adding  1599
44997 66773


1958
adding  1958
46955 66773


7649
adding  7649
54604 66773



checking max?  54604 66773
now new max is  66773
0 66773


9066
adding  9066
9066 66773


13179
adding  13179
22245 66773


1857
adding  1857
24102 66773


12410
adding  12410
36512 66773


1404
adding  1404
37916 66773


11676
adding  11676
49592 66773



checking max?  49592 66773
now new max is  66773
0 66773


6262
adding  6262
6262 66773


7283
adding  7283
13545 66773


4418
adding  4418
17963 66773


1207
adding  1207
19170 66773


7099
adding  7099
26269 66773


2798
adding  2798
29067 66773


6994
adding  6994
36061 66773


5267
adding  5267
41328 66773


7810
adding  7810
49138 66773


6521
adding  6521
55659 66773



checking max?  55659 66773
now new max is  66773
0 66773


7144
adding  7144
7144 66773


3828
adding  3828
10972 66773


5528
adding  5528
16500 66773


4676
adding  4676
21176 66773


2311
adding  2311
23487 66773


6429
adding  6429
29916 66773


7064
adding  7064
36980 66773


6601
adding  6601
43581 66773


2846
adding  2846
46427 66773


1611
adding  1611
48038 66773


3188
adding  3188
51226 66773



checking max?  51226 66773
now new max is  66773
0 66773


4151
adding  4151
4151 66773


6232
adding  6232
10383 66773


5706
adding  5706
16089 66773


7003
adding  7003
23092 66773


3470
adding  3470
26562 66773


8349
adding  8349
34911 66773


8189
adding  8189
43100 66773


4137
adding  4137
47237 66773



checking max?  47237 66773
now new max is  66773
0 66773


3055
adding  3055
3055 66773


6091
adding  6091
9146 66773


2008
adding  2008
11154 66773


5977
adding  5977
17131 66773


1909
adding  1909
19040 66773


1192
adding  1192
20232 66773


2149
adding  2149
22381 66773


2983
adding  2983
25364 66773


1219
adding  1219
26583 66773


1025
adding  1025
27608 66773


1537
adding  1537
29145 66773


2635
adding  2635
31780 66773


5461
adding  5461
37241 66773


5570
adding  5570
42811 66773


5620
adding  5620
48431 66773



checking max?  48431 66773
now new max is  66773
0 66773


25514
adding  25514
25514 66773



checking max?  25514 66773
now new max is  66773
0 66773


19363
adding  19363
19363 66773


16402
adding  16402
35765 66773



checking max?  35765 66773
now new max is  66773
0 66773


6908
adding  6908
6908 66773


4670
adding  4670
11578 66773


3407
adding  3407
14985 66773


4541
adding  4541
19526 66773


5027
adding  5027
24553 66773


5640
adding  5640
30193 66773


1008
adding  1008
31201 66773


5737
adding  5737
36938 66773


2336
adding  2336
39274 66773


2994
adding  2994
42268 66773


3908
adding  3908
46176 66773



checking max?  46176 66773
now new max is  66773
0 66773


2788
adding  2788
2788 66773


5117
adding  5117
7905 66773


18397
adding  18397
26302 66773


5362
adding  5362
31664 66773



checking max?  31664 66773
now new max is  66773
0 66773


2285
adding  2285
2285 66773


1597
adding  1597
3882 66773


1556
adding  1556
5438 66773


1505
adding  1505
6943 66773


1317
adding  1317
8260 66773


1136
adding  1136
9396 66773


3387
adding  3387
12783 66773


4936
adding  4936
17719 66773


6798
adding  6798
24517 66773


7103
adding  7103
31620 66773


5537
adding  5537
37157 66773



checking max?  37157 66773
now new max is  66773
0 66773


7045
adding  7045
7045 66773


4354
adding  4354
11399 66773


6071
adding  6071
17470 66773


6734
adding  6734
24204 66773


11077
adding  11077
35281 66773


5863
adding  5863
41144 66773


7177
adding  7177
48321 66773



checking max?  48321 66773
now new max is  66773
0 66773


5625
adding  5625
5625 66773


3990
adding  3990
9615 66773


6473
adding  6473
16088 66773


3191
adding  3191
19279 66773


1023
adding  1023
20302 66773


3673
adding  3673
23975 66773


2520
adding  2520
26495 66773


5998
adding  5998
32493 66773


2726
adding  2726
35219 66773


5421
adding  5421
40640 66773


1907
adding  1907
42547 66773


7129
adding  7129
49676 66773



checking max?  49676 66773
now new max is  66773
0 66773


1302
adding  1302
1302 66773


1703
adding  1703
3005 66773


6858
adding  6858
9863 66773


1329
adding  1329
11192 66773


1933
adding  1933
13125 66773


3438
adding  3438
16563 66773


4088
adding  4088
20651 66773


7955
adding  7955
28606 66773



checking max?  28606 66773
now new max is  66773
0 66773


8593
adding  8593
8593 66773



checking max?  8593 66773
now new max is  66773
0 66773


6686
adding  6686
6686 66773


3483
adding  3483
10169 66773


5829
adding  5829
15998 66773


2240
adding  2240
18238 66773


6810
adding  6810
25048 66773


2964
adding  2964
28012 66773


5400
adding  5400
33412 66773


3826
adding  3826
37238 66773


4753
adding  4753
41991 66773


5525
adding  5525
47516 66773


5395
adding  5395
52911 66773


5127
adding  5127
58038 66773


6010
adding  6010
64048 66773



checking max?  64048 66773
now new max is  66773
0 66773


9254
adding  9254
9254 66773


37116
adding  37116
46370 66773



checking max?  46370 66773
now new max is  66773
0 66773


1487
adding  1487
1487 66773


18037
adding  18037
19524 66773


9573
adding  9573
29097 66773


14918
adding  14918
44015 66773



checking max?  44015 66773
now new max is  66773
0 66773


6570
adding  6570
6570 66773


3119
adding  3119
9689 66773


1689
adding  1689
11378 66773


3785
adding  3785
15163 66773


4436
adding  4436
19599 66773


6237
adding  6237
25836 66773


4394
adding  4394
30230 66773


4042
adding  4042
34272 66773


1242
adding  1242
35514 66773


7143
adding  7143
42657 66773


1621
adding  1621
44278 66773


5211
adding  5211
49489 66773



checking max?  49489 66773
now new max is  66773
0 66773


3851
adding  3851
3851 66773


1651
adding  1651
5502 66773


2177
adding  2177
7679 66773


5699
adding  5699
13378 66773


4866
adding  4866
18244 66773


5048
adding  5048
23292 66773


5174
adding  5174
28466 66773


1271
adding  1271
29737 66773


3971
adding  3971
33708 66773


2695
adding  2695
36403 66773


1051
adding  1051
37454 66773


1670
adding  1670
39124 66773


1372
adding  1372
40496 66773


3959
adding  3959
44455 66773


1264
adding  1264
45719 66773



checking max?  45719 66773
now new max is  66773
0 66773


8039
adding  8039
8039 66773


1858
adding  1858
9897 66773


9989
adding  9989
19886 66773


8870
adding  8870
28756 66773


7618
adding  7618
36374 66773


5662
adding  5662
42036 66773



checking max?  42036 66773
now new max is  66773
0 66773


1059
adding  1059
1059 66773


8999
adding  8999
10058 66773


2214
adding  2214
12272 66773


5310
adding  5310
17582 66773


8052
adding  8052
25634 66773


5807
adding  5807
31441 66773


1963
adding  1963
33404 66773


4282
adding  4282
37686 66773


8489
adding  8489
46175 66773



checking max?  46175 66773
now new max is  66773
0 66773


1444
adding  1444
1444 66773


2736
adding  2736
4180 66773


3879
adding  3879
8059 66773


2437
adding  2437
10496 66773


3539
adding  3539
14035 66773


3657
adding  3657
17692 66773


2351
adding  2351
20043 66773


4513
adding  4513
24556 66773


4299
adding  4299
28855 66773


4166
adding  4166
33021 66773


5665
adding  5665
38686 66773


4164
adding  4164
42850 66773


3622
adding  3622
46472 66773


1907
adding  1907
48379 66773



checking max?  48379 66773
now new max is  66773
0 66773


3638
adding  3638
3638 66773


4328
adding  4328
7966 66773


4562
adding  4562
12528 66773


3285
adding  3285
15813 66773


3200
adding  3200
19013 66773


5909
adding  5909
24922 66773


2542
adding  2542
27464 66773


5197
adding  5197
32661 66773


5104
adding  5104
37765 66773


3570
adding  3570
41335 66773


4323
adding  4323
45658 66773



checking max?  45658 66773
now new max is  66773
0 66773


1631
adding  1631
1631 66773


2406
adding  2406
4037 66773


2788
adding  2788
6825 66773


1838
adding  1838
8663 66773


4639
adding  4639
13302 66773


2469
adding  2469
15771 66773


6718
adding  6718
22489 66773


3731
adding  3731
26220 66773


2375
adding  2375
28595 66773


4325
adding  4325
32920 66773


3952
adding  3952
36872 66773


1012
adding  1012
37884 66773


1076
adding  1076
38960 66773



checking max?  38960 66773
now new max is  66773
0 66773


10733
adding  10733
10733 66773


9085
adding  9085
19818 66773


5074
adding  5074
24892 66773


9984
adding  9984
34876 66773


9990
adding  9990
44866 66773


10107
adding  10107
54973 66773


9274
adding  9274
64247 66773


10464
adding  10464
74711 66773



checking max?  74711 66773
new max (old) :  74711  ( 66773 )
now new max is  74711
0 74711


13249
adding  13249
13249 74711


10020
adding  10020
23269 74711


4881
adding  4881
28150 74711


12806
adding  12806
40956 74711


11865
adding  11865
52821 74711



checking max?  52821 74711
now new max is  74711
0 74711


9852
adding  9852
9852 74711


6248
adding  6248
16100 74711


4916
adding  4916
21016 74711


7066
adding  7066
28082 74711


5297
adding  5297
33379 74711


5475
adding  5475
38854 74711


6530
adding  6530
45384 74711


10364
adding  10364
55748 74711



checking max?  55748 74711
now new max is  74711
0 74711


2415
adding  2415
2415 74711


5519
adding  5519
7934 74711


2200
adding  2200
10134 74711


3556
adding  3556
13690 74711


5815
adding  5815
19505 74711


2426
adding  2426
21931 74711


6180
adding  6180
28111 74711


2142
adding  2142
30253 74711


6627
adding  6627
36880 74711


7369
adding  7369
44249 74711


6353
adding  6353
50602 74711


4170
adding  4170
54772 74711



checking max?  54772 74711
now new max is  74711
0 74711


5507
adding  5507
5507 74711


15832
adding  15832
21339 74711


15699
adding  15699
37038 74711


10635
adding  10635
47673 74711


7997
adding  7997
55670 74711



checking max?  55670 74711
now new max is  74711
0 74711


1742
adding  1742
1742 74711


4641
adding  4641
6383 74711


4628
adding  4628
11011 74711


4867
adding  4867
15878 74711


8860
adding  8860
24738 74711


1133
adding  1133
25871 74711


3575
adding  3575
29446 74711


7128
adding  7128
36574 74711


8774
adding  8774
45348 74711



checking max?  45348 74711
now new max is  74711
0 74711


2808
adding  2808
2808 74711


6117
adding  6117
8925 74711


3760
adding  3760
12685 74711


1327
adding  1327
14012 74711


1224
adding  1224
15236 74711


4959
adding  4959
20195 74711


5456
adding  5456
25651 74711


2801
adding  2801
28452 74711


5944
adding  5944
34396 74711


1961
adding  1961
36357 74711


1194
adding  1194
37551 74711


3734
adding  3734
41285 74711


2937
adding  2937
44222 74711


3793
adding  3793
48015 74711


1888
adding  1888
49903 74711



checking max?  49903 74711
now new max is  74711
0 74711


21943
adding  21943
21943 74711


35720
adding  35720
57663 74711



checking max?  57663 74711
now new max is  74711
0 74711


6563
adding  6563
6563 74711


5000
adding  5000
11563 74711


1710
adding  1710
13273 74711


4021
adding  4021
17294 74711


3273
adding  3273
20567 74711


6155
adding  6155
26722 74711


3198
adding  3198
29920 74711


3661
adding  3661
33581 74711


6309
adding  6309
39890 74711


2331
adding  2331
42221 74711


1631
adding  1631
43852 74711


5646
adding  5646
49498 74711


5734
adding  5734
55232 74711



checking max?  55232 74711
now new max is  74711
0 74711


9646
adding  9646
9646 74711


3457
adding  3457
13103 74711


8620
adding  8620
21723 74711


5965
adding  5965
27688 74711


3440
adding  3440
31128 74711


6433
adding  6433
37561 74711


1753
adding  1753
39314 74711


9062
adding  9062
48376 74711


8301
adding  8301
56677 74711



checking max?  56677 74711
now new max is  74711
0 74711


9192
adding  9192
9192 74711


3284
adding  3284
12476 74711


9181
adding  9181
21657 74711


8566
adding  8566
30223 74711


3759
adding  3759
33982 74711


10184
adding  10184
44166 74711


8911
adding  8911
53077 74711


6998
adding  6998
60075 74711



checking max?  60075 74711
now new max is  74711
0 74711


19491
adding  19491
19491 74711


10283
adding  10283
29774 74711


13574
adding  13574
43348 74711


12306
adding  12306
55654 74711



checking max?  55654 74711
now new max is  74711
0 74711


2916
adding  2916
2916 74711


9083
adding  9083
11999 74711


13398
adding  13398
25397 74711


13239
adding  13239
38636 74711


4749
adding  4749
43385 74711


12853
adding  12853
56238 74711



checking max?  56238 74711
now new max is  74711
0 74711


7223
adding  7223
7223 74711


3154
adding  3154
10377 74711


2911
adding  2911
13288 74711


7004
adding  7004
20292 74711


3110
adding  3110
23402 74711


3584
adding  3584
26986 74711


6619
adding  6619
33605 74711


5960
adding  5960
39565 74711


8429
adding  8429
47994 74711



checking max?  47994 74711
now new max is  74711
0 74711


5878
adding  5878
5878 74711


4929
adding  4929
10807 74711


4709
adding  4709
15516 74711


4932
adding  4932
20448 74711


3023
adding  3023
23471 74711


1011
adding  1011
24482 74711


2193
adding  2193
26675 74711


4264
adding  4264
30939 74711


5282
adding  5282
36221 74711


1657
adding  1657
37878 74711


4360
adding  4360
42238 74711


6109
adding  6109
48347 74711


5031
adding  5031
53378 74711


3785
adding  3785
57163 74711


5017
adding  5017
62180 74711



checking max?  62180 74711
now new max is  74711
0 74711


16065
adding  16065
16065 74711


2923
adding  2923
18988 74711


11281
adding  11281
30269 74711



checking max?  30269 74711
now new max is  74711
0 74711


7340
adding  7340
7340 74711


3319
adding  3319
10659 74711


5766
adding  5766
16425 74711


1660
adding  1660
18085 74711


7947
adding  7947
26032 74711


7012
adding  7012
33044 74711


2739
adding  2739
35783 74711


1395
adding  1395
37178 74711


8273
adding  8273
45451 74711



checking max?  45451 74711
now new max is  74711
0 74711


3887
adding  3887
3887 74711


5538
adding  5538
9425 74711


4771
adding  4771
14196 74711


3770
adding  3770
17966 74711


1504
adding  1504
19470 74711


2681
adding  2681
22151 74711


4066
adding  4066
26217 74711


3406
adding  3406
29623 74711


3487
adding  3487
33110 74711


3098
adding  3098
36208 74711


3611
adding  3611
39819 74711


6234
adding  6234
46053 74711


3449
adding  3449
49502 74711



checking max?  49502 74711
now new max is  74711
0 74711


12281
adding  12281
12281 74711


11291
adding  11291
23572 74711


11367
adding  11367
34939 74711


10405
adding  10405
45344 74711


4223
adding  4223
49567 74711



checking max?  49567 74711
now new max is  74711
0 74711


17411
adding  17411
17411 74711


8453
adding  8453
25864 74711



checking max?  25864 74711
now new max is  74711
0 74711


36173
adding  36173
36173 74711



checking max?  36173 74711
now new max is  74711
0 74711


3431
adding  3431
3431 74711


3627
adding  3627
7058 74711


4047
adding  4047
11105 74711


2512
adding  2512
13617 74711


6628
adding  6628
20245 74711


1229
adding  1229
21474 74711


4812
adding  4812
26286 74711


3961
adding  3961
30247 74711


2389
adding  2389
32636 74711


4747
adding  4747
37383 74711


1799
adding  1799
39182 74711


4291
adding  4291
43473 74711



checking max?  43473 74711
now new max is  74711
0 74711


2176
adding  2176
2176 74711


7287
adding  7287
9463 74711


6468
adding  6468
15931 74711


3056
adding  3056
18987 74711


9632
adding  9632
28619 74711


1027
adding  1027
29646 74711


3251
adding  3251
32897 74711


1517
adding  1517
34414 74711


1853
adding  1853
36267 74711



checking max?  36267 74711
now new max is  74711
0 74711


4727
adding  4727
4727 74711


2417
adding  2417
7144 74711


4544
adding  4544
11688 74711


5949
adding  5949
17637 74711


4289
adding  4289
21926 74711


2237
adding  2237
24163 74711


2861
adding  2861
27024 74711


4284
adding  4284
31308 74711


6912
adding  6912
38220 74711


2843
adding  2843
41063 74711


5773
adding  5773
46836 74711


4423
adding  4423
51259 74711



checking max?  51259 74711
now new max is  74711
0 74711


3093
adding  3093
3093 74711


6501
adding  6501
9594 74711


1259
adding  1259
10853 74711


4975
adding  4975
15828 74711


4357
adding  4357
20185 74711


2940
adding  2940
23125 74711


2435
adding  2435
25560 74711


2939
adding  2939
28499 74711


1772
adding  1772
30271 74711


3876
adding  3876
34147 74711


5008
adding  5008
39155 74711


2909
adding  2909
42064 74711


5641
adding  5641
47705 74711


5710
adding  5710
53415 74711



checking max?  53415 74711
now new max is  74711
0 74711


4559
adding  4559
4559 74711


6522
adding  6522
11081 74711


5781
adding  5781
16862 74711


1343
adding  1343
18205 74711


2062
adding  2062
20267 74711


2392
adding  2392
22659 74711


1852
adding  1852
24511 74711


5135
adding  5135
29646 74711


7668
adding  7668
37314 74711


7240
adding  7240
44554 74711


3028
adding  3028
47582 74711



checking max?  47582 74711
now new max is  74711
0 74711


11607
adding  11607
11607 74711


9525
adding  9525
21132 74711


7332
adding  7332
28464 74711


11307
adding  11307
39771 74711



checking max?  39771 74711
now new max is  74711
0 74711


4941
adding  4941
4941 74711


5277
adding  5277
10218 74711


2311
adding  2311
12529 74711


5738
adding  5738
18267 74711


3029
adding  3029
21296 74711


2709
adding  2709
24005 74711


5448
adding  5448
29453 74711


1724
adding  1724
31177 74711


2982
adding  2982
34159 74711


1082
adding  1082
35241 74711


1515
adding  1515
36756 74711


1854
adding  1854
38610 74711


4762
adding  4762
43372 74711


4514
adding  4514
47886 74711


2015
adding  2015
49901 74711



checking max?  49901 74711
now new max is  74711
0 74711


51097
adding  51097
51097 74711



checking max?  51097 74711
now new max is  74711
0 74711


2814
adding  2814
2814 74711


5593
adding  5593
8407 74711


6576
adding  6576
14983 74711


10591
adding  10591
25574 74711


4809
adding  4809
30383 74711


4469
adding  4469
34852 74711


3790
adding  3790
38642 74711


8186
adding  8186
46828 74711



checking max?  46828 74711
now new max is  74711
0 74711


7656
adding  7656
7656 74711


10163
adding  10163
17819 74711


19430
adding  19430
37249 74711



checking max?  37249 74711
now new max is  74711
0 74711


1928
adding  1928
1928 74711


5626
adding  5626
7554 74711


3418
adding  3418
10972 74711


6785
adding  6785
17757 74711


2781
adding  2781
20538 74711


3549
adding  3549
24087 74711


2884
adding  2884
26971 74711


6656
adding  6656
33627 74711


6210
adding  6210
39837 74711


4950
adding  4950
44787 74711


3598
adding  3598
48385 74711


2669
adding  2669
51054 74711


5185
adding  5185
56239 74711



checking max?  56239 74711
now new max is  74711
0 74711


8768
adding  8768
8768 74711


5221
adding  5221
13989 74711


7404
adding  7404
21393 74711


9630
adding  9630
31023 74711


3371
adding  3371
34394 74711


9450
adding  9450
43844 74711


1837
adding  1837
45681 74711


3100
adding  3100
48781 74711


4494
adding  4494
53275 74711



checking max?  53275 74711
now new max is  74711
0 74711


3987
adding  3987
3987 74711


3179
adding  3179
7166 74711


2415
adding  2415
9581 74711


2074
adding  2074
11655 74711


1172
adding  1172
12827 74711


3192
adding  3192
16019 74711


5874
adding  5874
21893 74711


5869
adding  5869
27762 74711


4404
adding  4404
32166 74711


5842
adding  5842
38008 74711


1987
adding  1987
39995 74711


2526
adding  2526
42521 74711


4094
adding  4094
46615 74711



checking max?  46615 74711
now new max is  74711
0 74711


5792
adding  5792
5792 74711


6056
adding  6056
11848 74711


1689
adding  1689
13537 74711


5643
adding  5643
19180 74711


4068
adding  4068
23248 74711


2259
adding  2259
25507 74711


1461
adding  1461
26968 74711


1764
adding  1764
28732 74711


3453
adding  3453
32185 74711


2344
adding  2344
34529 74711


6118
adding  6118
40647 74711


5844
adding  5844
46491 74711


2014
adding  2014
48505 74711


1184
adding  1184
49689 74711



checking max?  49689 74711
now new max is  74711
0 74711


13505
adding  13505
13505 74711


8242
adding  8242
21747 74711


1358
adding  1358
23105 74711


3817
adding  3817
26922 74711


12030
adding  12030
38952 74711


11105
adding  11105
50057 74711



checking max?  50057 74711
now new max is  74711
0 74711


7333
adding  7333
7333 74711


9427
adding  9427
16760 74711


10385
adding  10385
27145 74711


3458
adding  3458
30603 74711


6340
adding  6340
36943 74711


10804
adding  10804
47747 74711



checking max?  47747 74711
now new max is  74711
0 74711


3152
adding  3152
3152 74711


1364
adding  1364
4516 74711


3371
adding  3371
7887 74711


6000
adding  6000
13887 74711


3032
adding  3032
16919 74711


3326
adding  3326
20245 74711


4046
adding  4046
24291 74711


1890
adding  1890
26181 74711


4321
adding  4321
30502 74711


3986
adding  3986
34488 74711


3309
adding  3309
37797 74711


4021
adding  4021
41818 74711


1683
adding  1683
43501 74711


2198
adding  2198
45699 74711


2003
adding  2003
47702 74711



checking max?  47702 74711
now new max is  74711
0 74711


2592
adding  2592
2592 74711


8354
adding  8354
10946 74711


13452
adding  13452
24398 74711


12440
adding  12440
36838 74711


7966
adding  7966
44804 74711



checking max?  44804 74711
now new max is  74711
0 74711


1593
adding  1593
1593 74711


1143
adding  1143
2736 74711


6246
adding  6246
8982 74711


4105
adding  4105
13087 74711


6164
adding  6164
19251 74711


6425
adding  6425
25676 74711


3904
adding  3904
29580 74711


1143
adding  1143
30723 74711


5966
adding  5966
36689 74711


3100
adding  3100
39789 74711


5215
adding  5215
45004 74711


4256
adding  4256
49260 74711


2090
adding  2090
51350 74711


3413
adding  3413
54763 74711



checking max?  54763 74711
now new max is  74711
0 74711


4382
adding  4382
4382 74711


6229
adding  6229
10611 74711


2368
adding  2368
12979 74711


1780
adding  1780
14759 74711


5658
adding  5658
20417 74711


1452
adding  1452
21869 74711


6359
adding  6359
28228 74711


1802
adding  1802
30030 74711


3800
adding  3800
33830 74711


6433
adding  6433
40263 74711


3866
adding  3866
44129 74711


3038
adding  3038
47167 74711


4699
adding  4699
51866 74711


4137
adding  4137
56003 74711



checking max?  56003 74711
now new max is  74711
0 74711


5395
adding  5395
5395 74711


2426
adding  2426
7821 74711


5621
adding  5621
13442 74711


9156
adding  9156
22598 74711


6250
adding  6250
28848 74711


9008
adding  9008
37856 74711


2966
adding  2966
40822 74711


3226
adding  3226
44048 74711


6709
adding  6709
50757 74711



checking max?  50757 74711
now new max is  74711
0 74711


5387
adding  5387
5387 74711


7267
adding  7267
12654 74711


6067
adding  6067
18721 74711


6468
adding  6468
25189 74711


5833
adding  5833
31022 74711


5241
adding  5241
36263 74711


7204
adding  7204
43467 74711


1419
adding  1419
44886 74711


6037
adding  6037
50923 74711


5938
adding  5938
56861 74711



checking max?  56861 74711
now new max is  74711
0 74711


2390
adding  2390
2390 74711


4300
adding  4300
6690 74711


4787
adding  4787
11477 74711


3656
adding  3656
15133 74711


5976
adding  5976
21109 74711


1879
adding  1879
22988 74711


3964
adding  3964
26952 74711


3314
adding  3314
30266 74711


3076
adding  3076
33342 74711


5158
adding  5158
38500 74711


5612
adding  5612
44112 74711


2846
adding  2846
46958 74711


5231
adding  5231
52189 74711



checking max?  52189 74711
now new max is  74711
0 74711


2205
adding  2205
2205 74711


3652
adding  3652
5857 74711


5211
adding  5211
11068 74711


1711
adding  1711
12779 74711


2113
adding  2113
14892 74711


5988
adding  5988
20880 74711


1310
adding  1310
22190 74711


5333
adding  5333
27523 74711


2253
adding  2253
29776 74711


2897
adding  2897
32673 74711


5234
adding  5234
37907 74711


3809
adding  3809
41716 74711


3640
adding  3640
45356 74711


2995
adding  2995
48351 74711


2197
adding  2197
50548 74711



checking max?  50548 74711
now new max is  74711
0 74711


6695
adding  6695
6695 74711


5930
adding  5930
12625 74711


6118
adding  6118
18743 74711


5463
adding  5463
24206 74711


3750
adding  3750
27956 74711


2440
adding  2440
30396 74711


7006
adding  7006
37402 74711


4073
adding  4073
41475 74711


5663
adding  5663
47138 74711


1369
adding  1369
48507 74711


2721
adding  2721
51228 74711


1961
adding  1961
53189 74711



checking max?  53189 74711
now new max is  74711
0 74711


5270
adding  5270
5270 74711


4851
adding  4851
10121 74711


5199
adding  5199
15320 74711


1976
adding  1976
17296 74711


4128
adding  4128
21424 74711


5527
adding  5527
26951 74711


2998
adding  2998
29949 74711


1567
adding  1567
31516 74711


6398
adding  6398
37914 74711


4163
adding  4163
42077 74711


1484
adding  1484
43561 74711


6077
adding  6077
49638 74711


3035
adding  3035
52673 74711


3860
adding  3860
56533 74711



checking max?  56533 74711
now new max is  74711
0 74711


6698
adding  6698
6698 74711


3081
adding  3081
9779 74711


6805
adding  6805
16584 74711



checking max?  16584 74711
now new max is  74711
0 74711


13122
adding  13122
13122 74711


4106
adding  4106
17228 74711


6919
adding  6919
24147 74711


6595
adding  6595
30742 74711



checking max?  30742 74711
now new max is  74711
0 74711


1608
adding  1608
1608 74711


7971
adding  7971
9579 74711


10279
adding  10279
19858 74711


7856
adding  7856
27714 74711


3503
adding  3503
31217 74711



checking max?  31217 74711
now new max is  74711
0 74711


7405
adding  7405
7405 74711


6658
adding  6658
14063 74711


3512
adding  3512
17575 74711


3913
adding  3913
21488 74711


6137
adding  6137
27625 74711


2617
adding  2617
30242 74711


2776
adding  2776
33018 74711


8255
adding  8255
41273 74711


7034
adding  7034
48307 74711



checking max?  48307 74711
now new max is  74711
0 74711


8368
adding  8368
8368 74711


5163
adding  5163
13531 74711


6566
adding  6566
20097 74711


5481
adding  5481
25578 74711


4059
adding  4059
29637 74711


10560
adding  10560
40197 74711



checking max?  40197 74711
now new max is  74711
0 74711


5801
adding  5801
5801 74711


5394
adding  5394
11195 74711


2081
adding  2081
13276 74711


2927
adding  2927
16203 74711


1775
adding  1775
17978 74711


1635
adding  1635
19613 74711


1180
adding  1180
20793 74711


5834
adding  5834
26627 74711


7652
adding  7652
34279 74711


2365
adding  2365
36644 74711


6525
adding  6525
43169 74711



checking max?  43169 74711
now new max is  74711
0 74711


7192
adding  7192
7192 74711


13806
adding  13806
20998 74711


12580
adding  12580
33578 74711


6935
adding  6935
40513 74711


3136
adding  3136
43649 74711


7820
adding  7820
51469 74711



checking max?  51469 74711
now new max is  74711
0 74711


2371
adding  2371
2371 74711


7237
adding  7237
9608 74711


5197
adding  5197
14805 74711


1561
adding  1561
16366 74711


2418
adding  2418
18784 74711


1742
adding  1742
20526 74711


5540
adding  5540
26066 74711


7836
adding  7836
33902 74711


1613
adding  1613
35515 74711


4012
adding  4012
39527 74711



checking max?  39527 74711
now new max is  74711
0 74711


45767
adding  45767
45767 74711



checking max?  45767 74711
now new max is  74711
0 74711


6825
adding  6825
6825 74711


6014
adding  6014
12839 74711


7571
adding  7571
20410 74711


3393
adding  3393
23803 74711


2050
adding  2050
25853 74711


8230
adding  8230
34083 74711


4178
adding  4178
38261 74711


5378
adding  5378
43639 74711


4878
adding  4878
48517 74711


5446
adding  5446
53963 74711



checking max?  53963 74711
now new max is  74711
0 74711


1412
adding  1412
1412 74711


2156
adding  2156
3568 74711


4877
adding  4877
8445 74711


5604
adding  5604
14049 74711


3149
adding  3149
17198 74711


7585
adding  7585
24783 74711


7922
adding  7922
32705 74711


6811
adding  6811
39516 74711


6971
adding  6971
46487 74711


4493
adding  4493
50980 74711



checking max?  50980 74711
now new max is  74711
0 74711


12948
adding  12948
12948 74711


32336
adding  32336
45284 74711



checking max?  45284 74711
now new max is  74711
0 74711


2512
adding  2512
2512 74711


13073
adding  13073
15585 74711


12030
adding  12030
27615 74711


12851
adding  12851
40466 74711


8951
adding  8951
49417 74711



checking max?  49417 74711
now new max is  74711
0 74711


3070
adding  3070
3070 74711


10259
adding  10259
13329 74711


2650
adding  2650
15979 74711


6091
adding  6091
22070 74711


5889
adding  5889
27959 74711


4857
adding  4857
32816 74711



checking max?  32816 74711
now new max is  74711
0 74711


5483
adding  5483
5483 74711


6813
adding  6813
12296 74711


4208
adding  4208
16504 74711


4999
adding  4999
21503 74711


3708
adding  3708
25211 74711


1955
adding  1955
27166 74711


8588
adding  8588
35754 74711


5416
adding  5416
41170 74711


6235
adding  6235
47405 74711


7920
adding  7920
55325 74711



checking max?  55325 74711
now new max is  74711
0 74711


2521
adding  2521
2521 74711


7180
adding  7180
9701 74711


7558
adding  7558
17259 74711



checking max?  17259 74711
now new max is  74711
0 74711


8285
adding  8285
8285 74711


2208
adding  2208
10493 74711


6058
adding  6058
16551 74711


2839
adding  2839
19390 74711


9653
adding  9653
29043 74711


8078
adding  8078
37121 74711


5862
adding  5862
42983 74711


5711
adding  5711
48694 74711


4847
adding  4847
53541 74711



checking max?  53541 74711
now new max is  74711
0 74711


3792
adding  3792
3792 74711


1778
adding  1778
5570 74711


3755
adding  3755
9325 74711


13541
adding  13541
22866 74711


12325
adding  12325
35191 74711


9599
adding  9599
44790 74711



checking max?  44790 74711
now new max is  74711
0 74711


7431
adding  7431
7431 74711


2814
adding  2814
10245 74711


3828
adding  3828
14073 74711


2468
adding  2468
16541 74711


5499
adding  5499
22040 74711


6822
adding  6822
28862 74711


5190
adding  5190
34052 74711


7279
adding  7279
41331 74711


7939
adding  7939
49270 74711


8488
adding  8488
57758 74711



checking max?  57758 74711
now new max is  74711
0 74711


5469
adding  5469
5469 74711


3086
adding  3086
8555 74711


8098
adding  8098
16653 74711


12450
adding  12450
29103 74711



checking max?  29103 74711
now new max is  74711
0 74711


3182
adding  3182
3182 74711


4307
adding  4307
7489 74711


4150
adding  4150
11639 74711


2802
adding  2802
14441 74711


3857
adding  3857
18298 74711


5331
adding  5331
23629 74711


1045
adding  1045
24674 74711


1111
adding  1111
25785 74711


3983
adding  3983
29768 74711


2606
adding  2606
32374 74711


1077
adding  1077
33451 74711



checking max?  33451 74711
now new max is  74711
0 74711


3219
adding  3219
3219 74711


2931
adding  2931
6150 74711


4166
adding  4166
10316 74711


2250
adding  2250
12566 74711


5225
adding  5225
17791 74711


1704
adding  1704
19495 74711


3895
adding  3895
23390 74711


6286
adding  6286
29676 74711


1394
adding  1394
31070 74711


5564
adding  5564
36634 74711


1498
adding  1498
38132 74711


3343
adding  3343
41475 74711


5912
adding  5912
47387 74711


2884
adding  2884
50271 74711



checking max?  50271 74711
now new max is  74711
0 74711


3874
adding  3874
3874 74711


5309
adding  5309
9183 74711


2941
adding  2941
12124 74711


2109
adding  2109
14233 74711


5322
adding  5322
19555 74711


2994
adding  2994
22549 74711


3922
adding  3922
26471 74711


7538
adding  7538
34009 74711


4666
adding  4666
38675 74711


6223
adding  6223
44898 74711


4754
adding  4754
49652 74711



checking max?  49652 74711
now new max is  74711
0 74711


4409
adding  4409
4409 74711


6975
adding  6975
11384 74711


8829
adding  8829
20213 74711


4301
adding  4301
24514 74711


1730
adding  1730
26244 74711


2092
adding  2092
28336 74711


2385
adding  2385
30721 74711


1288
adding  1288
32009 74711


9627
adding  9627
41636 74711



checking max?  41636 74711
now new max is  74711
0 74711


8849
adding  8849
8849 74711


7371
adding  7371
16220 74711


3259
adding  3259
19479 74711


8823
adding  8823
28302 74711


8963
adding  8963
37265 74711


3901
adding  3901
41166 74711


7003
adding  7003
48169 74711


2250
adding  2250
50419 74711


7492
adding  7492
57911 74711



checking max?  57911 74711
now new max is  74711
0 74711


7619
adding  7619
7619 74711


16991
adding  16991
24610 74711


7511
adding  7511
32121 74711


5747
adding  5747
37868 74711



checking max?  37868 74711
now new max is  74711
0 74711


6361
adding  6361
6361 74711


2401
adding  2401
8762 74711


6509
adding  6509
15271 74711


3429
adding  3429
18700 74711


1276
adding  1276
19976 74711


5120
adding  5120
25096 74711


1852
adding  1852
26948 74711


1706
adding  1706
28654 74711


2373
adding  2373
31027 74711


6117
adding  6117
37144 74711


1967
adding  1967
39111 74711


4655
adding  4655
43766 74711


6193
adding  6193
49959 74711



checking max?  49959 74711
now new max is  74711
0 74711


3186
adding  3186
3186 74711


10336
adding  10336
13522 74711


12548
adding  12548
26070 74711


7692
adding  7692
33762 74711


1422
adding  1422
35184 74711


7148
adding  7148
42332 74711



checking max?  42332 74711
now new max is  74711
0 74711


8898
adding  8898
8898 74711


15230
adding  15230
24128 74711


7468
adding  7468
31596 74711


2349
adding  2349
33945 74711


7214
adding  7214
41159 74711



checking max?  41159 74711
now new max is  74711
0 74711


18114
adding  18114
18114 74711


7557
adding  7557
25671 74711


10634
adding  10634
36305 74711



checking max?  36305 74711
now new max is  74711
0 74711


6755
adding  6755
6755 74711


1045
adding  1045
7800 74711


7326
adding  7326
15126 74711


6511
adding  6511
21637 74711


1691
adding  1691
23328 74711


4966
adding  4966
28294 74711


7367
adding  7367
35661 74711


3305
adding  3305
38966 74711


7083
adding  7083
46049 74711


3105
adding  3105
49154 74711


4262
adding  4262
53416 74711



checking max?  53416 74711
now new max is  74711
0 74711


6806
adding  6806
6806 74711


8767
adding  8767
15573 74711


6339
adding  6339
21912 74711


4159
adding  4159
26071 74711


11619
adding  11619
37690 74711


8959
adding  8959
46649 74711


10729
adding  10729
57378 74711



checking max?  57378 74711
now new max is  74711
0 74711


9070
adding  9070
9070 74711


9027
adding  9027
18097 74711


8532
adding  8532
26629 74711



checking max?  26629 74711
now new max is  74711
0 74711


2493
adding  2493
2493 74711


1949
adding  1949
4442 74711


5519
adding  5519
9961 74711



checking max?  9961 74711
now new max is  74711
0 74711


4637
adding  4637
4637 74711


5893
adding  5893
10530 74711


6617
adding  6617
17147 74711


2710
adding  2710
19857 74711


4712
adding  4712
24569 74711


3514
adding  3514
28083 74711


2828
adding  2828
30911 74711


5131
adding  5131
36042 74711


4756
adding  4756
40798 74711


4772
adding  4772
45570 74711


2488
adding  2488
48058 74711


2540
adding  2540
50598 74711


6593
adding  6593
57191 74711



checking max?  57191 74711
now new max is  74711
0 74711


4500
adding  4500
4500 74711


9306
adding  9306
13806 74711


3847
adding  3847
17653 74711


8792
adding  8792
26445 74711


4766
adding  4766
31211 74711


10598
adding  10598
41809 74711


5259
adding  5259
47068 74711


1837
adding  1837
48905 74711



checking max?  48905 74711
now new max is  74711
0 74711


7936
adding  7936
7936 74711


7125
adding  7125
15061 74711


5091
adding  5091
20152 74711



checking max?  20152 74711
now new max is  74711
0 74711


4087
adding  4087
4087 74711


6428
adding  6428
10515 74711


3093
adding  3093
13608 74711


5529
adding  5529
19137 74711


2092
adding  2092
21229 74711


5734
adding  5734
26963 74711


1532
adding  1532
28495 74711


1615
adding  1615
30110 74711


5175
adding  5175
35285 74711


4149
adding  4149
39434 74711


6050
adding  6050
45484 74711


2863
adding  2863
48347 74711



checking max?  48347 74711
now new max is  74711
0 74711


10505
adding  10505
10505 74711


11702
adding  11702
22207 74711


13870
adding  13870
36077 74711


6381
adding  6381
42458 74711



checking max?  42458 74711
now new max is  74711
0 74711


12380
adding  12380
12380 74711


6172
adding  6172
18552 74711


16863
adding  16863
35415 74711


9492
adding  9492
44907 74711



checking max?  44907 74711
now new max is  74711
0 74711


2406
adding  2406
2406 74711


7906
adding  7906
10312 74711


1139
adding  1139
11451 74711


6866
adding  6866
18317 74711


3963
adding  3963
22280 74711


8280
adding  8280
30560 74711


3315
adding  3315
33875 74711


1645
adding  1645
35520 74711


7885
adding  7885
43405 74711


8315
adding  8315
51720 74711



checking max?  51720 74711
now new max is  74711
0 74711


2744
adding  2744
2744 74711


10964
adding  10964
13708 74711


9192
adding  9192
22900 74711


6889
adding  6889
29789 74711


11554
adding  11554
41343 74711


4587
adding  4587
45930 74711


5537
adding  5537
51467 74711



checking max?  51467 74711
now new max is  74711
0 74711


27485
adding  27485
27485 74711


2819
adding  2819
30304 74711



checking max?  30304 74711
now new max is  74711
0 74711


67997
adding  67997
67997 74711



checking max?  67997 74711
now new max is  74711
0 74711


6372
adding  6372
6372 74711


1910
adding  1910
8282 74711


7440
adding  7440
15722 74711


9638
adding  9638
25360 74711


5161
adding  5161
30521 74711


9354
adding  9354
39875 74711


1063
adding  1063
40938 74711


7999
adding  7999
48937 74711


2712
adding  2712
51649 74711



checking max?  51649 74711
now new max is  74711
0 74711


6375
adding  6375
6375 74711


6398
adding  6398
12773 74711


2185
adding  2185
14958 74711


11875
adding  11875
26833 74711


1458
adding  1458
28291 74711


11978
adding  11978
40269 74711


9621
adding  9621
49890 74711



checking max?  49890 74711
now new max is  74711
0 74711


7326
adding  7326
7326 74711


6319
adding  6319
13645 74711


4988
adding  4988
18633 74711


5326
adding  5326
23959 74711


7844
adding  7844
31803 74711


3876
adding  3876
35679 74711


7311
adding  7311
42990 74711


1920
adding  1920
44910 74711


2865
adding  2865
47775 74711


7959
adding  7959
55734 74711


6890
adding  6890
62624 74711



checking max?  62624 74711
now new max is  74711
0 74711


5086
adding  5086
5086 74711


3457
adding  3457
8543 74711


3398
adding  3398
11941 74711


6534
adding  6534
18475 74711


5661
adding  5661
24136 74711


1592
adding  1592
25728 74711


4249
adding  4249
29977 74711


1477
adding  1477
31454 74711


3174
adding  3174
34628 74711


3134
adding  3134
37762 74711


6130
adding  6130
43892 74711


2097
adding  2097
45989 74711


5922
adding  5922
51911 74711



checking max?  51911 74711
now new max is  74711
0 74711


1854
adding  1854
1854 74711


7848
adding  7848
9702 74711


10289
adding  10289
19991 74711


9261
adding  9261
29252 74711


9692
adding  9692
38944 74711


4814
adding  4814
43758 74711


7798
adding  7798
51556 74711


2634
adding  2634
54190 74711



checking max?  54190 74711
now new max is  74711
0 74711


13448
adding  13448
13448 74711


10236
adding  10236
23684 74711


11977
adding  11977
35661 74711


4645
adding  4645
40306 74711


12188
adding  12188
52494 74711


11118
adding  11118
63612 74711



checking max?  63612 74711
now new max is  74711
0 74711


1681
adding  1681
1681 74711


2162
adding  2162
3843 74711


7349
adding  7349
11192 74711


3198
adding  3198
14390 74711


5725
adding  5725
20115 74711


1151
adding  1151
21266 74711


4940
adding  4940
26206 74711


3481
adding  3481
29687 74711


5896
adding  5896
35583 74711


7245
adding  7245
42828 74711


7424
adding  7424
50252 74711


5630
adding  5630
55882 74711



checking max?  55882 74711
now new max is  74711
0 74711


3626
adding  3626
3626 74711


3856
adding  3856
7482 74711


4655
adding  4655
12137 74711


1412
adding  1412
13549 74711


2466
adding  2466
16015 74711


5810
adding  5810
21825 74711


4395
adding  4395
26220 74711


1762
adding  1762
27982 74711


4465
adding  4465
32447 74711


3614
adding  3614
36061 74711


3439
adding  3439
39500 74711


6441
adding  6441
45941 74711


4400
adding  4400
50341 74711



checking max?  50341 74711
now new max is  74711
0 74711


5037
adding  5037
5037 74711


2450
adding  2450
7487 74711


1870
adding  1870
9357 74711


2191
adding  2191
11548 74711


2145
adding  2145
13693 74711


9754
adding  9754
23447 74711


4259
adding  4259
27706 74711


5762
adding  5762
33468 74711



checking max?  33468 74711
now new max is  74711
0 74711


9373
adding  9373
9373 74711


3564
adding  3564
12937 74711


7177
adding  7177
20114 74711


1445
adding  1445
21559 74711


8672
adding  8672
30231 74711


4098
adding  4098
34329 74711


6468
adding  6468
40797 74711


1394
adding  1394
42191 74711



checking max?  42191 74711
now new max is  74711
0 74711


1675
adding  1675
1675 74711


6754
adding  6754
8429 74711


1996
adding  1996
10425 74711


5894
adding  5894
16319 74711


6449
adding  6449
22768 74711


4644
adding  4644
27412 74711


5642
adding  5642
33054 74711


1338
adding  1338
34392 74711


1087
adding  1087
35479 74711


4989
adding  4989
40468 74711


2467
adding  2467
42935 74711


1192
adding  1192
44127 74711


6368
adding  6368
50495 74711



checking max?  50495 74711
now new max is  74711
0 74711


34156
adding  34156
34156 74711


12437
adding  12437
46593 74711



checking max?  46593 74711
now new max is  74711
0 74711


4394
adding  4394
4394 74711


5648
adding  5648
10042 74711


7691
adding  7691
17733 74711


5598
adding  5598
23331 74711


5720
adding  5720
29051 74711


6414
adding  6414
35465 74711


10089
adding  10089
45554 74711


2116
adding  2116
47670 74711



checking max?  47670 74711
now new max is  74711
0 74711


9460
adding  9460
9460 74711


2078
adding  2078
11538 74711


7811
adding  7811
19349 74711


13011
adding  13011
32360 74711


5597
adding  5597
37957 74711


1628
adding  1628
39585 74711



checking max?  39585 74711
now new max is  74711
0 74711


3772
adding  3772
3772 74711


1201
adding  1201
4973 74711


1174
adding  1174
6147 74711


5884
adding  5884
12031 74711


3720
adding  3720
15751 74711


1120
adding  1120
16871 74711


3830
adding  3830
20701 74711


5809
adding  5809
26510 74711


6269
adding  6269
32779 74711


2548
adding  2548
35327 74711


3212
adding  3212
38539 74711


1924
adding  1924
40463 74711


3951
adding  3951
44414 74711


5178
adding  5178
49592 74711



checking max?  49592 74711
now new max is  74711
0 74711


1543
adding  1543
1543 74711


7155
adding  7155
8698 74711


5204
adding  5204
13902 74711


7480
adding  7480
21382 74711


9747
adding  9747
31129 74711



checking max?  31129 74711
now new max is  74711
0 74711


4029
adding  4029
4029 74711


10517
adding  10517
14546 74711


6776
adding  6776
21322 74711


6978
adding  6978
28300 74711


3517
adding  3517
31817 74711


5746
adding  5746
37563 74711


7683
adding  7683
45246 74711


5939
adding  5939
51185 74711



checking max?  51185 74711
now new max is  74711
0 74711


5484
adding  5484
5484 74711


1669
adding  1669
7153 74711


1250
adding  1250
8403 74711


3036
adding  3036
11439 74711


3822
adding  3822
15261 74711


5246
adding  5246
20507 74711


1648
adding  1648
22155 74711


5676
adding  5676
27831 74711


1591
adding  1591
29422 74711


1624
adding  1624
31046 74711


3525
adding  3525
34571 74711


4862
adding  4862
39433 74711


2834
adding  2834
42267 74711


5814
adding  5814
48081 74711


4006
adding  4006
52087 74711



checking max?  52087 74711
now new max is  74711
0 74711


9610
adding  9610
9610 74711


10230
adding  10230
19840 74711


1473
adding  1473
21313 74711


8541
adding  8541
29854 74711


2163
adding  2163
32017 74711


4706
adding  4706
36723 74711


6919
adding  6919
43642 74711


10514
adding  10514
54156 74711



checking max?  54156 74711
now new max is  74711
0 74711


46165
adding  46165
46165 74711



checking max?  46165 74711
now new max is  74711
0 74711


4618
adding  4618
4618 74711


4867
adding  4867
9485 74711


3750
adding  3750
13235 74711


4578
adding  4578
17813 74711


5498
adding  5498
23311 74711


3468
adding  3468
26779 74711


2663
adding  2663
29442 74711


3003
adding  3003
32445 74711


2777
adding  2777
35222 74711


4434
adding  4434
39656 74711


7386
adding  7386
47042 74711



checking max?  47042 74711
now new max is  74711
0 74711


18475
adding  18475
18475 74711


5479
adding  5479
23954 74711


15616
adding  15616
39570 74711



checking max?  39570 74711
now new max is  74711
0 74711


4810
adding  4810
4810 74711


6199
adding  6199
11009 74711


5905
adding  5905
16914 74711


7014
adding  7014
23928 74711


3903
adding  3903
27831 74711


2404
adding  2404
30235 74711


6955
adding  6955
37190 74711


1290
adding  1290
38480 74711


6328
adding  6328
44808 74711


4729
adding  4729
49537 74711


1567
adding  1567
51104 74711


2070
adding  2070
53174 74711



checking max?  53174 74711
now new max is  74711
0 74711


1426
adding  1426
1426 74711


6652
adding  6652
8078 74711


7274
adding  7274
15352 74711


3535
adding  3535
18887 74711


1873
adding  1873
20760 74711


8830
adding  8830
29590 74711


6465
adding  6465
36055 74711


3091
adding  3091
39146 74711



checking max?  39146 74711
now new max is  74711
0 74711


11667
adding  11667
11667 74711


1824
adding  1824
13491 74711


1749
adding  1749
15240 74711



checking max?  15240 74711
now new max is  74711
0 74711


6031
adding  6031
6031 74711


1589
adding  1589
7620 74711


6764
adding  6764
14384 74711


5294
adding  5294
19678 74711


2658
adding  2658
22336 74711


7540
adding  7540
29876 74711


2285
adding  2285
32161 74711


5290
adding  5290
37451 74711


3052
adding  3052
40503 74711


4809
adding  4809
45312 74711



checking max?  45312 74711
now new max is  74711
0 74711


9275
adding  9275
9275 74711


3219
adding  3219
12494 74711


9205
adding  9205
21699 74711


9367
adding  9367
31066 74711


6695
adding  6695
37761 74711


1620
adding  1620
39381 74711


1418
adding  1418
40799 74711


9589
adding  9589
50388 74711


6985
adding  6985
57373 74711



checking max?  57373 74711
now new max is  74711
0 74711


4961
adding  4961
4961 74711


1893
adding  1893
6854 74711


4204
adding  4204
11058 74711


4158
adding  4158
15216 74711


2488
adding  2488
17704 74711


6562
adding  6562
24266 74711


6862
adding  6862
31128 74711


7443
adding  7443
38571 74711


5180
adding  5180
43751 74711


6382
adding  6382
50133 74711


5930
adding  5930
56063 74711


2819
adding  2819
58882 74711



checking max?  58882 74711
now new max is  74711
0 74711


9225
adding  9225
9225 74711


17113
adding  17113
26338 74711


2562
adding  2562
28900 74711


11634
adding  11634
40534 74711



checking max?  40534 74711
now new max is  74711
0 74711


9490
adding  9490
9490 74711


5720
adding  5720
15210 74711


2413
adding  2413
17623 74711


13607
adding  13607
31230 74711


12761
adding  12761
43991 74711


4473
adding  4473
48464 74711



checking max?  48464 74711
now new max is  74711
0 74711


10788
adding  10788
10788 74711


18449
adding  18449
29237 74711


9511
adding  9511
38748 74711



checking max?  38748 74711
now new max is  74711
0 74711


11498
adding  11498
11498 74711


3288
adding  3288
14786 74711


9304
adding  9304
24090 74711


4951
adding  4951
29041 74711


10878
adding  10878
39919 74711



checking max?  39919 74711
now new max is  74711
0 74711


13888
adding  13888
13888 74711


23233
adding  23233
37121 74711


18690
adding  18690
55811 74711



checking max?  55811 74711
now new max is  74711
0 74711


5112
adding  5112
5112 74711


9811
adding  9811
14923 74711


9336
adding  9336
24259 74711


4030
adding  4030
28289 74711


11021
adding  11021
39310 74711


3585
adding  3585
42895 74711


1534
adding  1534
44429 74711



checking max?  44429 74711
now new max is  74711
0 74711


6026
adding  6026
6026 74711


5618
adding  5618
11644 74711


3065
adding  3065
14709 74711


2909
adding  2909
17618 74711


8887
adding  8887
26505 74711


8052
adding  8052
34557 74711


3524
adding  3524
38081 74711


7783
adding  7783
45864 74711


5793
adding  5793
51657 74711



checking max?  51657 74711
now new max is  74711
0 74711


3573
adding  3573
3573 74711


5391
adding  5391
8964 74711


1887
adding  1887
10851 74711


6295
adding  6295
17146 74711


3311
adding  3311
20457 74711


8235
adding  8235
28692 74711


3985
adding  3985
32677 74711


2222
adding  2222
34899 74711


2594
adding  2594
37493 74711



checking max?  37493 74711
now new max is  74711
0 74711


2807
adding  2807
2807 74711


3623
adding  3623
6430 74711


2622
adding  2622
9052 74711


6466
adding  6466
15518 74711


2272
adding  2272
17790 74711


2181
adding  2181
19971 74711


5550
adding  5550
25521 74711


4568
adding  4568
30089 74711


1172
adding  1172
31261 74711


2579
adding  2579
33840 74711


1020
adding  1020
34860 74711


5542
adding  5542
40402 74711


2653
adding  2653
43055 74711


1080
adding  1080
44135 74711



checking max?  44135 74711
now new max is  74711
0 74711


4874
adding  4874
4874 74711


10296
adding  10296
15170 74711


5421
adding  5421
20591 74711



checking max?  20591 74711
now new max is  74711
0 74711


3743
adding  3743
3743 74711


5053
adding  5053
8796 74711


5510
adding  5510
14306 74711


1401
adding  1401
15707 74711


4173
adding  4173
19880 74711


7968
adding  7968
27848 74711


5999
adding  5999
33847 74711


6482
adding  6482
40329 74711


7019
adding  7019
47348 74711


7916
adding  7916
55264 74711


3752
adding  3752
59016 74711



checking max?  59016 74711
now new max is  74711
0 74711


8718
adding  8718
8718 74711


7969
adding  7969
16687 74711


6072
adding  6072
22759 74711


3223
adding  3223
25982 74711


5924
adding  5924
31906 74711


2642
adding  2642
34548 74711


8274
adding  8274
42822 74711


1985
adding  1985
44807 74711


3342
adding  3342
48149 74711


2036
adding  2036
50185 74711



checking max?  50185 74711
now new max is  74711
0 74711


1706
adding  1706
1706 74711


8655
adding  8655
10361 74711


3521
adding  3521
13882 74711


7502
adding  7502
21384 74711


7955
adding  7955
29339 74711



checking max?  29339 74711
now new max is  74711
0 74711


1915
adding  1915
1915 74711


5083
adding  5083
6998 74711


1668
adding  1668
8666 74711


11457
adding  11457
20123 74711


2011
adding  2011
22134 74711


9998
adding  9998
32132 74711


9885
adding  9885
42017 74711



checking max?  42017 74711
now new max is  74711
0 74711


10592
adding  10592
10592 74711


25078
adding  25078
35670 74711


17582
adding  17582
53252 74711



checking max?  53252 74711
now new max is  74711
0 74711


2596
adding  2596
2596 74711


2198
adding  2198
4794 74711


8811
adding  8811
13605 74711


7464
adding  7464
21069 74711


5711
adding  5711
26780 74711


7197
adding  7197
33977 74711


8744
adding  8744
42721 74711


5382
adding  5382
48103 74711


6179
adding  6179
54282 74711


3769
adding  3769
58051 74711



checking max?  58051 74711
now new max is  74711
0 74711


3713
adding  3713
3713 74711


6012
adding  6012
9725 74711


7951
adding  7951
17676 74711


10750
adding  10750
28426 74711


5580
adding  5580
34006 74711


3426
adding  3426
37432 74711


11019
adding  11019
48451 74711



checking max?  48451 74711
now new max is  74711
0 74711


5536
adding  5536
5536 74711


7943
adding  7943
13479 74711


5163
adding  5163
18642 74711


7703
adding  7703
26345 74711


14144
adding  14144
40489 74711



checking max?  40489 74711
now new max is  74711
0 74711


3169
adding  3169
3169 74711


5475
adding  5475
8644 74711


2367
adding  2367
11011 74711


3666
adding  3666
14677 74711


6042
adding  6042
20719 74711


4279
adding  4279
24998 74711


1699
adding  1699
26697 74711


3129
adding  3129
29826 74711


3294
adding  3294
33120 74711


1813
adding  1813
34933 74711


6465
adding  6465
41398 74711


3591
adding  3591
44989 74711


3332
adding  3332
48321 74711


2155
adding  2155
50476 74711



checking max?  50476 74711
now new max is  74711
0 74711


1305
adding  1305
1305 74711


9537
adding  9537
10842 74711


9805
adding  9805
20647 74711


2172
adding  2172
22819 74711


8665
adding  8665
31484 74711


8386
adding  8386
39870 74711


7718
adding  7718
47588 74711


10709
adding  10709
58297 74711



checking max?  58297 74711
now new max is  74711
0 74711


4645
adding  4645
4645 74711


6242
adding  6242
10887 74711


8462
adding  8462
19349 74711


6619
adding  6619
25968 74711


3165
adding  3165
29133 74711


7797
adding  7797
36930 74711


5664
adding  5664
42594 74711


5058
adding  5058
47652 74711


1339
adding  1339
48991 74711


3749
adding  3749
52740 74711



checking max?  52740 74711
now new max is  74711
0 74711


3365
adding  3365
3365 74711


5018
adding  5018
8383 74711


3278
adding  3278
11661 74711


3403
adding  3403
15064 74711


4138
adding  4138
19202 74711


4521
adding  4521
23723 74711


1797
adding  1797
25520 74711


3791
adding  3791
29311 74711


1401
adding  1401
30712 74711


3748
adding  3748
34460 74711


6039
adding  6039
40499 74711


1513
adding  1513
42012 74711


2696
adding  2696
44708 74711


max is  74711
